0.89
0.99
0.88
0.92
0.89
0.98
0.83
0.84
0.93
0.85
1
0.97
0.99
0.87
0.88
0.99
0.99
1
0.87
0.88
0.94
0.98
0.89
0.94
0.96
1
0.98
1
0.94
0.97
0.85
0.91
0.82
0.97
0.97
0.88
0.82
0.97
0.83
0.84
0.92
0.87
0.96
0.84
0.96
0.81
0.89
0.94
0.9
0.87
0.93
0.82
1
0.8
0.93
0.95
0.88
0.88
0.95
0.83
0.98
1
0.81
0.8
0.82
0.89
0.89
0.99
0.9
0.85
0.96
0.98
0.89
1
0.95
0.85
0.92
0.84
0.98
0.97
0.84
0.87
0.82
0.92
0.82
0.88
0.8
1
0.92
1
0.96
0.96
0.93
0.91
0.85
0.97
0.93
0.94
0.98
0.97
0.16
0.17
0.01
0.12
0.13
0
0
0.18
0.17
0.06
0.07
0
0.01
0
0.15
0.03
0.09
0.07
0.19
0.17
0.07
0.11
0.17
0.15
0.12
0.09
0.06
0.08
0.18
0.15
0.06
0.16
0.07
0.09
0.01
0.06
0.12
0
0.06
0.14
0.03
0.06
0.12
0.04
0.08
0.04
0.2
0.04
0.17
0.12
0.16
0.2
0.12
0.04
0.18
0.1
0.06
0.04
0.02
0.05
0.04
0.04
0.01
0.02
0
0.01
0.07
0
0.08
0.02
0.09
0.16
0.17
0.14
0.2
0.04
0
0.16
0.18
0.09
0
0.17
0.04
0.05
0.03
0.15
0.06
0.06
0.08
0.12
0.1
0.14
0.06
0.11
0.06
0.15
0.15
0
0.05
0.1
